**************** MT TC 1 ****************
testcase 1: Create an instance of a Hermite type object
testcase 1: DONE

**************** MT TC 2 ****************
testcase 2: Retrieve roots of 20th degree Hermite function via getter
 -5.38748
 -4.60368
 -3.94476
 -3.34785
 -2.78881
 -2.25497
 -1.73854
 -1.23408
-0.737474
-0.245341
 0.245341
 0.737474
  1.23408
  1.73854
  2.25497
  2.78881
  3.34785
  3.94476
  4.60368
  5.38748
testcase 2: DONE

**************** MT TC 3 ****************
testcase 3: Retrieve Hermite functions via getter
 3.74132e-07 -2.85053e-06  1.50926e-05 -6.40629e-05  0.000230978 -0.000729723   0.00205892  -0.00525355    0.0122258   -0.0260964    0.0512772   -0.0929136     0.155263    -0.238824     0.336697    -0.431634     0.496155    -0.498093     0.412314    -0.235887
 1.87723e-05 -0.000122219  0.000549382  -0.00196528   0.00592178   -0.0154842    0.0357502   -0.0736375     0.136061    -0.225852     0.335913     -0.44406     0.512976    -0.499647     0.375085    -0.147822    -0.122571     0.336955     -0.39796     0.266438
 0.000313797  -0.00175059   0.00668378   -0.0200984    0.0502734     -0.10745     0.198825    -0.319757     0.444699    -0.525483     0.505153    -0.348667    0.0778603     0.214518     -0.39487     0.361536    -0.121898    -0.185808     0.362787     -0.28346
  0.00276629   -0.0130972    0.0418916    -0.103817     0.209486    -0.350703     0.486635    -0.546146     0.459004    -0.209486    -0.121806     0.373619    -0.394025     0.158448     0.179197    -0.372137     0.266972    0.0544615    -0.320226     0.294817
   0.0153767   -0.0606452     0.158255    -0.310837     0.475914    -0.561393     0.469461    -0.180067    -0.188054     0.416996     -0.34167   0.00870714     0.317211     -0.35535    0.0688913     0.273146    -0.336024    0.0564335     0.274096    -0.302932
   0.0590934     -0.18845     0.383164    -0.551604     0.547708    -0.287755    -0.125356     0.417505    -0.353472   -0.0178851     0.353369     -0.32272   -0.0412324     0.346528    -0.255614    -0.124306       0.3466    -0.147483    -0.225978     0.308877
    0.165723    -0.407456     0.591195     -0.50652     0.110692     0.331335    -0.433623    0.0962039      0.32199     -0.35459   -0.0297734      0.36016    -0.227119    -0.191155     0.344467   -0.0340024    -0.312629     0.219412     0.176668    -0.313211
    0.350759    -0.612162      0.50743   -0.0114681     -0.42944     0.345435     0.145903    -0.416054     0.120241     0.322309    -0.291952    -0.153681     0.356949    -0.025127    -0.332244     0.173991      0.24578    -0.272831    -0.126624     0.316253
    0.572286    -0.596863    0.0355035     0.465958    -0.273732    -0.289092     0.372971     0.120623    -0.393361    0.0230265     0.365581    -0.136915    -0.308796     0.220867     0.235999    -0.276929    -0.156299     0.308197    0.0761334    -0.318193
    0.728856    -0.252887    -0.453336     0.297294     0.341025    -0.318823    -0.266151     0.330076     0.208471     -0.33531    -0.160983     0.336546     0.120421    -0.334931   -0.0849826     0.331188    0.0535565    -0.325806   -0.0254031     0.319138
    0.728856     0.252887    -0.453336    -0.297294     0.341025     0.318823    -0.266151    -0.330076     0.208471      0.33531    -0.160983    -0.336546     0.120421     0.334931   -0.0849826    -0.331188    0.0535565     0.325806   -0.0254031    -0.319138
    0.572286     0.596863    0.0355035    -0.465958    -0.273732     0.289092     0.372971    -0.120623    -0.393361   -0.0230265     0.365581     0.136915    -0.308796    -0.220867     0.235999     0.276929    -0.156299    -0.308197    0.0761334     0.318193
    0.350759     0.612162      0.50743    0.0114681     -0.42944    -0.345435     0.145903     0.416054     0.120241    -0.322309    -0.291952     0.153681     0.356949     0.025127    -0.332244    -0.173991      0.24578     0.272831    -0.126624    -0.316253
    0.165723     0.407456     0.591195      0.50652     0.110692    -0.331335    -0.433623   -0.0962039      0.32199      0.35459   -0.0297734     -0.36016    -0.227119     0.191155     0.344467    0.0340024    -0.312629    -0.219412     0.176668     0.313211
   0.0590934      0.18845     0.383164     0.551604     0.547708     0.287755    -0.125356    -0.417505    -0.353472    0.0178851     0.353369      0.32272   -0.0412324    -0.346528    -0.255614     0.124306       0.3466     0.147483    -0.225978    -0.308877
   0.0153767    0.0606452     0.158255     0.310837     0.475914     0.561393     0.469461     0.180067    -0.188054    -0.416996     -0.34167  -0.00870714     0.317211      0.35535    0.0688913    -0.273146    -0.336024   -0.0564335     0.274096     0.302932
  0.00276629    0.0130972    0.0418916     0.103817     0.209486     0.350703     0.486635     0.546146     0.459004     0.209486    -0.121806    -0.373619    -0.394025    -0.158448     0.179197     0.372137     0.266972   -0.0544615    -0.320226    -0.294817
 0.000313797   0.00175059   0.00668378    0.0200984    0.0502734      0.10745     0.198825     0.319757     0.444699     0.525483     0.505153     0.348667    0.0778603    -0.214518     -0.39487    -0.361536    -0.121898     0.185808     0.362787      0.28346
 1.87723e-05  0.000122219  0.000549382   0.00196528   0.00592178    0.0154842    0.0357502    0.0736375     0.136061     0.225852     0.335913      0.44406     0.512976     0.499647     0.375085     0.147822    -0.122571    -0.336955     -0.39796    -0.266438
 3.74132e-07  2.85053e-06  1.50926e-05  6.40629e-05  0.000230978  0.000729723   0.00205892   0.00525355    0.0122258    0.0260964    0.0512772    0.0929136     0.155263     0.238824     0.336697     0.431634     0.496155     0.498093     0.412314     0.235887
testcase 3: DONE

**************** MT TC 4 ****************
testcase 4: Retrieve matrix containing the Cristoffel-Darboux numbersvia getter
     1.11285 -5.16254e-15  2.27596e-15 -5.41234e-16  5.82867e-16 -1.81799e-15    2.498e-16   -4.996e-16  1.29063e-15 -1.02696e-15  7.07767e-16 -6.10623e-16  3.60822e-16 -4.57967e-16  1.94289e-16   -2.498e-16  7.07767e-16 -8.04912e-16  2.35922e-16 -5.55112e-17
-5.16254e-15      1.41978  1.94289e-15 -3.27516e-15  1.97065e-15  1.94289e-16  1.65146e-15 -1.12063e-15 -2.35922e-16  6.93889e-17  2.15106e-16 -3.26128e-16  6.45317e-16 -4.64906e-16  6.48787e-16 -4.92661e-16 -2.84495e-16  4.51028e-16  3.19189e-16 -3.60822e-16
 2.27596e-15  1.94289e-15        1.607  5.30131e-15 -2.52576e-15 -1.08247e-15 -1.66533e-15  9.29812e-16  6.66134e-16   -3.747e-16 -2.77556e-17  9.71445e-17 -4.44089e-16  1.31839e-16 -4.57967e-16  3.88578e-16  3.05311e-16 -6.80012e-16   -1.249e-16  3.33067e-16
-5.41234e-16 -3.27516e-15  5.30131e-15      1.73834 -1.16573e-15  4.57967e-15  3.88578e-16  3.05311e-16 -2.05391e-15   1.3739e-15 -8.60423e-16  7.07767e-16 -3.05311e-16  3.46945e-16            0  1.38778e-16 -9.15934e-16  1.05471e-15 -2.84495e-16 -5.55112e-17
 5.82867e-16  1.97065e-15 -2.52576e-15 -1.16573e-15      1.83536 -9.32587e-15 -1.27676e-15  1.94289e-16  2.33147e-15 -1.58207e-15  8.18789e-16  -5.6205e-16  2.08167e-17 -3.46945e-16 -1.66533e-16 -4.16334e-17  9.29812e-16 -1.11022e-15  1.52656e-16  1.11022e-16
-1.81799e-15  1.94289e-16 -1.08247e-15  4.57967e-15 -9.32587e-15       1.9081  1.16018e-14 -5.27356e-15  2.22045e-16 -7.49401e-16  1.20737e-15 -1.04083e-15  1.43288e-15 -9.78384e-16  1.16573e-15 -9.85323e-16   -1.249e-16  5.68989e-16  5.72459e-16   -6.245e-16
   2.498e-16  1.65146e-15 -1.66533e-15  3.88578e-16 -1.27676e-15  1.16018e-14      1.96202 -2.33147e-15  6.02296e-15 -3.21965e-15  1.83187e-15   -1.249e-15   4.3715e-16 -7.35523e-16  -3.1225e-17 -1.80411e-16  1.30451e-15 -1.65146e-15  2.04697e-16  6.93889e-18
  -4.996e-16 -1.12063e-15  9.29812e-16  3.05311e-16  1.94289e-16 -5.27356e-15 -2.33147e-15      2.00032 -1.05471e-14  4.19109e-15 -1.52656e-15  1.11022e-15   -1.249e-16  4.23273e-16   3.1225e-16 -4.85723e-17 -1.34615e-15  1.59595e-15 -1.00614e-16 -1.94289e-16
 1.29063e-15 -2.35922e-16  6.66134e-16 -2.05391e-15  2.33147e-15  2.22045e-16  6.02296e-15 -1.05471e-14      2.02493  1.38778e-15 -2.22045e-15  2.27596e-15 -2.52576e-15  1.60982e-15 -1.91513e-15   1.4988e-15  2.91434e-16 -7.21645e-16 -5.68989e-16  8.04912e-16
-1.02696e-15  6.93889e-17   -3.747e-16   1.3739e-15 -1.58207e-15 -7.49401e-16 -3.21965e-15  4.19109e-15  1.38778e-15      2.03699  2.10942e-15 -2.16493e-15  2.91434e-15 -1.55431e-15  2.05391e-15 -1.42941e-15 -5.13478e-16  1.02696e-15  4.30211e-16 -6.80012e-16
 7.07767e-16  2.15106e-16 -2.77556e-17 -8.60423e-16  8.18789e-16  1.20737e-15  1.83187e-15 -1.52656e-15 -2.22045e-15  2.10942e-15      2.03699  3.88578e-16 -2.60902e-15    1.249e-15  -1.9984e-15  1.19349e-15  9.29812e-16 -1.47105e-15 -2.15106e-16  6.38378e-16
-6.10623e-16 -3.26128e-16  9.71445e-17  7.07767e-16  -5.6205e-16 -1.04083e-15   -1.249e-15  1.11022e-15  2.27596e-15 -2.16493e-15  3.88578e-16      2.02493    3.747e-15 -1.08247e-15  2.05391e-15 -1.27676e-15 -1.44329e-15  1.88738e-15  1.31839e-16 -5.96745e-16
 3.60822e-16  6.45317e-16 -4.44089e-16 -3.05311e-16  2.08167e-17  1.43288e-15   4.3715e-16   -1.249e-16 -2.52576e-15  2.91434e-15 -2.60902e-15    3.747e-15      2.00032 -2.55351e-15 -1.16573e-15    4.996e-16  2.55351e-15 -2.83107e-15  2.42861e-16  2.77556e-16
-4.57967e-16 -4.64906e-16  1.31839e-16  3.46945e-16 -3.46945e-16 -9.78384e-16 -7.35523e-16  4.23273e-16  1.60982e-15 -1.55431e-15    1.249e-15 -1.08247e-15 -2.55351e-15      1.96202  3.05311e-15  -1.4988e-15 -2.58127e-15   2.9976e-15  1.04083e-16 -5.55112e-16
 1.94289e-16  6.48787e-16 -4.57967e-16            0 -1.66533e-16  1.16573e-15  -3.1225e-17   3.1225e-16 -1.91513e-15  2.05391e-15  -1.9984e-15  2.05391e-15 -1.16573e-15  3.05311e-15       1.9081  -1.4988e-15   5.4956e-15 -4.88498e-15    4.996e-16  1.38778e-16
  -2.498e-16 -4.92661e-16  3.88578e-16  1.38778e-16 -4.16334e-17 -9.85323e-16 -1.80411e-16 -4.85723e-17   1.4988e-15 -1.42941e-15  1.19349e-15 -1.27676e-15    4.996e-16  -1.4988e-15  -1.4988e-15      1.83536 -1.02141e-14  6.46705e-15 -4.16334e-16 -4.85723e-16
 7.07767e-16 -2.84495e-16  3.05311e-16 -9.15934e-16  9.29812e-16   -1.249e-16  1.30451e-15 -1.34615e-15  2.91434e-16 -5.13478e-16  9.29812e-16 -1.44329e-15  2.55351e-15 -2.58127e-15   5.4956e-15 -1.02141e-14      1.73834 -3.58047e-15 -3.27516e-15  2.69229e-15
-8.04912e-16  4.51028e-16 -6.80012e-16  1.05471e-15 -1.11022e-15  5.68989e-16 -1.65146e-15  1.59595e-15 -7.21645e-16  1.02696e-15 -1.47105e-15  1.88738e-15 -2.83107e-15   2.9976e-15 -4.88498e-15  6.46705e-15 -3.58047e-15        1.607  8.99281e-15 -5.05151e-15
 2.35922e-16  3.19189e-16   -1.249e-16 -2.84495e-16  1.52656e-16  5.72459e-16  2.04697e-16 -1.00614e-16 -5.68989e-16  4.30211e-16 -2.15106e-16  1.31839e-16  2.42861e-16  1.04083e-16    4.996e-16 -4.16334e-16 -3.27516e-15  8.99281e-15      1.41978  2.44249e-15
-5.55112e-17 -3.60822e-16  3.33067e-16 -5.55112e-17  1.11022e-16   -6.245e-16  6.93889e-18 -1.94289e-16  8.04912e-16 -6.80012e-16  6.38378e-16 -5.96745e-16  2.77556e-16 -5.55112e-16  1.38778e-16 -4.85723e-16  2.69229e-15 -5.05151e-15  2.44249e-15      1.11285
testcase 4: DONE

**************** MT TC 5 ****************
testcase 5: Generate an Hermite system on an equidistant interval using Hermite::OrtSysGen(...)
 1.44873e-22 -2.04882e-21  2.03857e-20 -1.64776e-19  1.14749e-18 -7.10997e-18  4.00019e-17 -2.07237e-16  9.98765e-16 -4.51284e-15  1.92345e-14 -7.77135e-14  2.98848e-13 -1.09751e-12  3.86024e-12
 1.07026e-21   -1.483e-20  1.44547e-19 -1.14427e-18  7.80257e-18 -4.73274e-17  2.60602e-16 -1.32102e-15  6.22788e-15   -2.752e-14  1.14678e-13 -4.52872e-13   1.7017e-12 -6.10466e-12  2.09675e-11
  7.5904e-21 -1.03007e-19  9.83087e-19 -7.61845e-18  5.08426e-17  -3.0175e-16  1.62535e-15 -8.05749e-15  3.71393e-14 -1.60406e-13  6.53139e-13 -2.51953e-12  9.24501e-12 -3.23761e-11  1.08517e-10
 5.16792e-20  -6.8656e-19  6.41296e-18 -4.86276e-17  3.17456e-16 -1.84259e-15  9.70367e-15 -4.70189e-14  2.11769e-13 -8.93458e-13   3.5526e-12 -1.33784e-11  4.79055e-11 -1.63659e-10  5.34922e-10
 3.37787e-19 -4.39101e-18  4.01229e-17 -2.97544e-16  1.89919e-15 -1.07748e-14  5.54476e-14 -2.62454e-13  1.15436e-12 -4.75454e-12  1.84496e-11  -6.7779e-11  2.36682e-10 -7.88206e-10  2.51033e-09
 2.11956e-18 -2.69473e-17  2.40755e-16 -1.74519e-15  1.08854e-14   -6.033e-14  3.03195e-13 -1.40109e-12  6.01422e-12 -2.41666e-11  9.14538e-11 -3.27529e-10  1.11451e-09 -3.61521e-09    1.121e-08
  1.2768e-17  -1.5868e-16  1.38543e-15 -9.81129e-15  5.97672e-14 -3.23407e-13  1.58631e-12 -7.15197e-12  2.99415e-11 -1.17294e-10  4.32567e-10 -1.50907e-09  4.99983e-09  -1.5784e-08  4.76087e-08
 7.38374e-17 -8.96551e-16  7.64545e-15 -5.28651e-14  3.14329e-13 -1.65958e-12  7.93966e-12 -3.49013e-11  1.42402e-10 -5.43454e-10  1.95161e-09 -6.62673e-09  2.13592e-08 -6.55637e-08  1.92182e-07
 4.09926e-16  -4.8603e-15  4.04581e-14 -2.72983e-13  1.58328e-12 -8.15101e-12  3.80089e-11 -1.62785e-10  6.46827e-10  -2.4029e-09  8.39572e-09 -2.77226e-08  8.68476e-08 -2.58956e-07  7.36889e-07
 2.18479e-15 -2.52798e-14   2.0529e-13 -1.35079e-12  7.63707e-12 -3.83109e-11     1.74e-10 -7.25498e-10  2.80519e-09 -1.01354e-08  3.44246e-08 -1.10435e-07  3.35916e-07  -9.7191e-07  2.68187e-06
 1.11787e-14 -1.26153e-13  9.98768e-13 -6.40445e-12  3.52726e-11 -1.72288e-10  7.61554e-10 -3.08881e-09  1.16117e-08 -4.07676e-08  1.34471e-07 -4.18679e-07   1.2352e-06 -3.46384e-06  9.25696e-06
 5.49092e-14  -6.0397e-13  4.65872e-12 -2.90922e-11  1.55964e-10 -7.41183e-10  3.18591e-09 -1.25589e-08    4.586e-08 -1.56304e-07   5.0017e-07 -1.50976e-06  4.31501e-06 -1.17133e-05  3.02757e-05
 2.58926e-13 -2.77407e-12  2.08326e-11 -1.26596e-10  6.60119e-10 -3.04962e-09   1.2736e-08   -4.875e-08  1.72746e-07 -5.70955e-07   1.7705e-06  -5.1749e-06  1.43098e-05 -3.75489e-05  9.37272e-05
 1.17215e-12 -1.22232e-11  8.93018e-11 -5.27673e-10  2.67396e-09 -1.19982e-08  4.86382e-08 -1.80596e-07  6.20335e-07 -1.98603e-06  5.96069e-06 -1.68478e-05  4.50104e-05 -0.000113993  0.000274327
 5.09406e-12 -5.16657e-11   3.6693e-10 -2.10644e-09  1.03643e-08 -4.51264e-08  1.77389e-07 -6.38231e-07  2.12267e-06 -6.57457e-06  1.90728e-05 -5.20566e-05  0.000134153 -0.000327354  0.000758071
 2.12531e-11 -2.09484e-10  1.44501e-09 -8.05212e-09   3.8432e-08 -1.62207e-07  6.17631e-07 -2.15079e-06  6.91742e-06 -2.06997e-05  5.79575e-05 -0.000152507  0.000378447 -0.000888053   0.00197472
 8.51244e-11 -8.14721e-10  5.45358e-09 -2.94701e-08  1.36305e-07 -5.57062e-07  2.05219e-06 -6.90801e-06  2.14559e-05 -6.19383e-05  0.000167107 -0.000423173   0.00100919  -0.00227232   0.00483999
 3.27313e-10 -3.03918e-09  1.97227e-08 -1.03249e-07  4.62265e-07  -1.8272e-06  6.50435e-06 -2.11353e-05  6.32993e-05  -0.00017599  0.000456699  -0.00111078   0.00254009  -0.00547421     0.011137
 1.20822e-09 -1.08734e-08  6.83403e-08  -3.4621e-07  1.49868e-06 -5.72211e-06  1.96552e-05 -6.15597e-05  0.000177486 -0.000474392    0.0011817  -0.00275417    0.0060238   -0.0123894    0.0239947
  4.2816e-09 -3.73092e-08  2.26857e-07 -1.11084e-06  4.64339e-06 -1.71015e-05  5.65981e-05 -0.000170574  0.000472564   -0.0012118   0.00289086  -0.00643983    0.0134314   -0.0262736    0.0482451
  1.4566e-08 -1.22764e-07  7.21327e-07 -3.40973e-06  1.37442e-05 -4.87545e-05  0.000155206 -0.000449278   0.00119358  -0.00292963   0.00667575    -0.014171    0.0280864   -0.0520382    0.0901522
  4.7572e-08 -3.87352e-07  2.19657e-06 -1.00099e-05  3.88502e-05 -0.000132516  0.000405038  -0.00112384   0.00285642  -0.00669317    0.0145242   -0.0292757    0.0549074   -0.0958705     0.155719
 1.49155e-07 -1.17187e-06  6.40492e-06 -2.80965e-05  0.000104827 -0.000343193    0.0010051  -0.00266698   0.00646808   -0.0144249    0.0297028   -0.0566093    0.0999541    -0.163418     0.246828
 4.48951e-07 -3.39902e-06  1.78793e-05 -7.53779e-05  0.000269861 -0.000846294   0.00236943  -0.00599681    0.0138357    -0.029263     0.056935    -0.102067     0.168565    -0.255894     0.355354
 1.29729e-06 -9.45117e-06  4.77705e-05 -0.000193215  0.000662449  -0.00198551   0.00530063   -0.0127576    0.0279022   -0.0557311     0.101924    -0.170751     0.261521    -0.364374     0.457461
 3.59872e-06 -2.51897e-05  0.000122132 -0.000472997   0.00154964  -0.00442782    0.0112383   -0.0256328    0.0529224   -0.0993123     0.169619    -0.263286     0.369604    -0.464575     0.512935
 9.58376e-06 -6.43448e-05  0.000298699  -0.00110531    0.0034518  -0.00937566    0.0225472   -0.0485363    0.0941215    -0.164882     0.260775    -0.370685     0.468771    -0.516761     0.475545
 2.45019e-05 -0.000157504  0.000698602  -0.00246415   0.00731508   -0.0188254    0.0427261   -0.0863804     0.156352    -0.253584     0.367153     -0.46983     0.520328    -0.476282     0.316861
 6.01365e-05 -0.000369391    0.0015619  -0.00523753    0.0147332    -0.035788    0.0762954    -0.143999     0.241357    -0.358419     0.467237    -0.523605     0.481112    -0.316575    0.0560987
 0.000141694 -0.000829882   0.00333669   -0.0106053     0.028167   -0.0642911      0.12801    -0.223852     0.343788    -0.460122     0.526045    -0.490236     0.325204   -0.0572574    -0.223749
 0.000320511  -0.00178561   0.00680759   -0.0204387    0.0510379     -0.10888     0.201046    -0.322538     0.447241    -0.526457     0.503195    -0.343292    0.0703267     0.221158    -0.397062
 0.000695998  -0.00367866    0.0132564   -0.0374489    0.0874868    -0.173299     0.294076    -0.427035     0.522912    -0.518661     0.370815   -0.0964147    -0.207921     0.397428    -0.361046
  0.00145094  -0.00725432    0.0246206   -0.0651469     0.141537    -0.258201     0.397818     -0.51272     0.534198    -0.406888     0.136529     0.182138    -0.393597       0.3708    -0.116198
  0.00290379   -0.0136886    0.0435754     -0.10742     0.215455    -0.358139     0.492557    -0.546037     0.449316    -0.191224    -0.141199     0.383016    -0.386031     0.136723     0.199734
  0.00557901   -0.0247058    0.0734166    -0.167533     0.307365    -0.458866     0.548982    -0.494036     0.259965    0.0820438    -0.361515     0.404468    -0.170929    -0.178665     0.376166
   0.0102902   -0.0426288     0.117596    -0.246454     0.408646    -0.536641     0.534542    -0.340138  -0.00183649     0.323221    -0.421683     0.218527       0.1424    -0.373566      0.27638
   0.0182208   -0.0702767      0.17878    -0.340727     0.502256    -0.561575     0.425756    -0.100745    -0.260879     0.430382    -0.277434   -0.0877213     0.363292    -0.304342   -0.0363571
   0.0309732    -0.110613     0.257424    -0.440458     0.563556    -0.506103     0.223422     0.166985    -0.419831     0.342339    0.0116741    -0.338978     0.338285  -0.00938731     -0.31702
   0.0505452    -0.166069     0.350075    -0.528467     0.564978     -0.35747   -0.0362711     0.375995    -0.402833    0.0866844     0.292098    -0.372011    0.0731736     0.290737    -0.325808
   0.0791862    -0.237547     0.447894    -0.581779     0.484737     -0.12995    -0.283354     0.441587    -0.203297    -0.213046     0.394967    -0.154112    -0.244695     0.351654   -0.0461421
    0.119095    -0.323242     0.536151    -0.576229     0.317665     0.129812    -0.433825     0.324858     0.094074    -0.391389     0.246678     0.171307    -0.370396     0.114237     0.274057
    0.171955    -0.417584     0.595473    -0.493936    0.0840537     0.350504    -0.424223    0.0648768     0.341122    -0.337299   -0.0645908     0.368896    -0.196767    -0.221895     0.333626
    0.238348    -0.510719      0.60528    -0.331801    -0.168705     0.458436    -0.247021    -0.224371     0.401045   -0.0749075    -0.329708     0.284433     0.139733    -0.356317    0.0694034
    0.317163    -0.588987     0.549149    -0.107874    -0.375414     0.408265    0.0331833    -0.401271     0.232421      0.23445    -0.358175   -0.0229898     0.355251    -0.160885    -0.262478
    0.405163    -0.636652     0.420898     0.137978    -0.472914     0.208919     0.297688    -0.370222   -0.0727826     0.387171    -0.123339    -0.310717     0.259033     0.185638    -0.327571
    0.496881    -0.638814     0.229392     0.351318    -0.424496    -0.070161     0.424335     -0.14124    -0.332729     0.275753     0.203544    -0.341822   -0.0680169     0.352665   -0.0556344
    0.584992    -0.584962 -4.22051e-05     0.477644    -0.238773    -0.320441     0.348782      0.16485    -0.384536   -0.0272499     0.373419   -0.0866027    -0.332523     0.175426     0.273545
    0.661186    -0.472251    -0.229018     0.480032    0.0269041    -0.437948     0.103142     0.377617    -0.191838    -0.310347      0.25209     0.241616    -0.291176    -0.174456     0.313886
    0.717418    -0.307449    -0.414125     0.353495     0.282898    -0.370394    -0.193447     0.374252     0.124248    -0.370597    -0.067649     0.362092     0.019974     -0.35026    0.0208695
    0.747303    -0.106752     -0.51764     0.129855     0.439015    -0.144192    -0.392355      0.15468     0.359202    -0.162938    -0.333409     0.169715     0.312216    -0.175427    -0.294161
    0.747303     0.106752     -0.51764    -0.129855     0.439015     0.144192    -0.392355     -0.15468     0.359202     0.162938    -0.333409    -0.169715     0.312216     0.175427    -0.294161
    0.717418     0.307449    -0.414125    -0.353495     0.282898     0.370394    -0.193447    -0.374252     0.124248     0.370597    -0.067649    -0.362092     0.019974      0.35026    0.0208695
    0.661186     0.472251    -0.229018    -0.480032    0.0269041     0.437948     0.103142    -0.377617    -0.191838     0.310347      0.25209    -0.241616    -0.291176     0.174456     0.313886
    0.584992     0.584962 -4.22051e-05    -0.477644    -0.238773     0.320441     0.348782     -0.16485    -0.384536    0.0272499     0.373419    0.0866027    -0.332523    -0.175426     0.273545
    0.496881     0.638814     0.229392    -0.351318    -0.424496     0.070161     0.424335      0.14124    -0.332729    -0.275753     0.203544     0.341822   -0.0680169    -0.352665   -0.0556344
    0.405163     0.636652     0.420898    -0.137978    -0.472914    -0.208919     0.297688     0.370222   -0.0727826    -0.387171    -0.123339     0.310717     0.259033    -0.185638    -0.327571
    0.317163     0.588987     0.549149     0.107874    -0.375414    -0.408265    0.0331833     0.401271     0.232421     -0.23445    -0.358175    0.0229898     0.355251     0.160885    -0.262478
    0.238348     0.510719      0.60528     0.331801    -0.168705    -0.458436    -0.247021     0.224371     0.401045    0.0749075    -0.329708    -0.284433     0.139733     0.356317    0.0694034
    0.171955     0.417584     0.595473     0.493936    0.0840537    -0.350504    -0.424223   -0.0648768     0.341122     0.337299   -0.0645908    -0.368896    -0.196767     0.221895     0.333626
    0.119095     0.323242     0.536151     0.576229     0.317665    -0.129812    -0.433825    -0.324858     0.094074     0.391389     0.246678    -0.171307    -0.370396    -0.114237     0.274057
   0.0791862     0.237547     0.447894     0.581779     0.484737      0.12995    -0.283354    -0.441587    -0.203297     0.213046     0.394967     0.154112    -0.244695    -0.351654   -0.0461421
   0.0505452     0.166069     0.350075     0.528467     0.564978      0.35747   -0.0362711    -0.375995    -0.402833   -0.0866844     0.292098     0.372011    0.0731736    -0.290737    -0.325808
   0.0309732     0.110613     0.257424     0.440458     0.563556     0.506103     0.223422    -0.166985    -0.419831    -0.342339    0.0116741     0.338978     0.338285   0.00938731     -0.31702
   0.0182208    0.0702767      0.17878     0.340727     0.502256     0.561575     0.425756     0.100745    -0.260879    -0.430382    -0.277434    0.0877213     0.363292     0.304342   -0.0363571
   0.0102902    0.0426288     0.117596     0.246454     0.408646     0.536641     0.534542     0.340138  -0.00183649    -0.323221    -0.421683    -0.218527       0.1424     0.373566      0.27638
  0.00557901    0.0247058    0.0734166     0.167533     0.307365     0.458866     0.548982     0.494036     0.259965   -0.0820438    -0.361515    -0.404468    -0.170929     0.178665     0.376166
  0.00290379    0.0136886    0.0435754      0.10742     0.215455     0.358139     0.492557     0.546037     0.449316     0.191224    -0.141199    -0.383016    -0.386031    -0.136723     0.199734
  0.00145094   0.00725432    0.0246206    0.0651469     0.141537     0.258201     0.397818      0.51272     0.534198     0.406888     0.136529    -0.182138    -0.393597      -0.3708    -0.116198
 0.000695998   0.00367866    0.0132564    0.0374489    0.0874868     0.173299     0.294076     0.427035     0.522912     0.518661     0.370815    0.0964147    -0.207921    -0.397428    -0.361046
 0.000320511   0.00178561   0.00680759    0.0204387    0.0510379      0.10888     0.201046     0.322538     0.447241     0.526457     0.503195     0.343292    0.0703267    -0.221158    -0.397062
 0.000141694  0.000829882   0.00333669    0.0106053     0.028167    0.0642911      0.12801     0.223852     0.343788     0.460122     0.526045     0.490236     0.325204    0.0572574    -0.223749
 6.01365e-05  0.000369391    0.0015619   0.00523753    0.0147332     0.035788    0.0762954     0.143999     0.241357     0.358419     0.467237     0.523605     0.481112     0.316575    0.0560987
 2.45019e-05  0.000157504  0.000698602   0.00246415   0.00731508    0.0188254    0.0427261    0.0863804     0.156352     0.253584     0.367153      0.46983     0.520328     0.476282     0.316861
 9.58376e-06  6.43448e-05  0.000298699   0.00110531    0.0034518   0.00937566    0.0225472    0.0485363    0.0941215     0.164882     0.260775     0.370685     0.468771     0.516761     0.475545
 3.59872e-06  2.51897e-05  0.000122132  0.000472997   0.00154964   0.00442782    0.0112383    0.0256328    0.0529224    0.0993123     0.169619     0.263286     0.369604     0.464575     0.512935
 1.29729e-06  9.45117e-06  4.77705e-05  0.000193215  0.000662449   0.00198551   0.00530063    0.0127576    0.0279022    0.0557311     0.101924     0.170751     0.261521     0.364374     0.457461
 4.48951e-07  3.39902e-06  1.78793e-05  7.53779e-05  0.000269861  0.000846294   0.00236943   0.00599681    0.0138357     0.029263     0.056935     0.102067     0.168565     0.255894     0.355354
 1.49155e-07  1.17187e-06  6.40492e-06  2.80965e-05  0.000104827  0.000343193    0.0010051   0.00266698   0.00646808    0.0144249    0.0297028    0.0566093    0.0999541     0.163418     0.246828
  4.7572e-08  3.87352e-07  2.19657e-06  1.00099e-05  3.88502e-05  0.000132516  0.000405038   0.00112384   0.00285642   0.00669317    0.0145242    0.0292757    0.0549074    0.0958705     0.155719
  1.4566e-08  1.22764e-07  7.21327e-07  3.40973e-06  1.37442e-05  4.87545e-05  0.000155206  0.000449278   0.00119358   0.00292963   0.00667575     0.014171    0.0280864    0.0520382    0.0901522
  4.2816e-09  3.73092e-08  2.26857e-07  1.11084e-06  4.64339e-06  1.71015e-05  5.65981e-05  0.000170574  0.000472564    0.0012118   0.00289086   0.00643983    0.0134314    0.0262736    0.0482451
 1.20822e-09  1.08734e-08  6.83403e-08   3.4621e-07  1.49868e-06  5.72211e-06  1.96552e-05  6.15597e-05  0.000177486  0.000474392    0.0011817   0.00275417    0.0060238    0.0123894    0.0239947
 3.27313e-10  3.03918e-09  1.97227e-08  1.03249e-07  4.62265e-07   1.8272e-06  6.50435e-06  2.11353e-05  6.32993e-05   0.00017599  0.000456699   0.00111078   0.00254009   0.00547421     0.011137
 8.51244e-11  8.14721e-10  5.45358e-09  2.94701e-08  1.36305e-07  5.57062e-07  2.05219e-06  6.90801e-06  2.14559e-05  6.19383e-05  0.000167107  0.000423173   0.00100919   0.00227232   0.00483999
 2.12531e-11  2.09484e-10  1.44501e-09  8.05212e-09   3.8432e-08  1.62207e-07  6.17631e-07  2.15079e-06  6.91742e-06  2.06997e-05  5.79575e-05  0.000152507  0.000378447  0.000888053   0.00197472
 5.09406e-12  5.16657e-11   3.6693e-10  2.10644e-09  1.03643e-08  4.51264e-08  1.77389e-07  6.38231e-07  2.12267e-06  6.57457e-06  1.90728e-05  5.20566e-05  0.000134153  0.000327354  0.000758071
 1.17215e-12  1.22232e-11  8.93018e-11  5.27673e-10  2.67396e-09  1.19982e-08  4.86382e-08  1.80596e-07  6.20335e-07  1.98603e-06  5.96069e-06  1.68478e-05  4.50104e-05  0.000113993  0.000274327
 2.58926e-13  2.77407e-12  2.08326e-11  1.26596e-10  6.60119e-10  3.04962e-09   1.2736e-08    4.875e-08  1.72746e-07  5.70955e-07   1.7705e-06   5.1749e-06  1.43098e-05  3.75489e-05  9.37272e-05
 5.49092e-14   6.0397e-13  4.65872e-12  2.90922e-11  1.55964e-10  7.41183e-10  3.18591e-09  1.25589e-08    4.586e-08  1.56304e-07   5.0017e-07  1.50976e-06  4.31501e-06  1.17133e-05  3.02757e-05
 1.11787e-14  1.26153e-13  9.98768e-13  6.40445e-12  3.52726e-11  1.72288e-10  7.61554e-10  3.08881e-09  1.16117e-08  4.07676e-08  1.34471e-07  4.18679e-07   1.2352e-06  3.46384e-06  9.25696e-06
 2.18479e-15  2.52798e-14   2.0529e-13  1.35079e-12  7.63707e-12  3.83109e-11     1.74e-10  7.25498e-10  2.80519e-09  1.01354e-08  3.44246e-08  1.10435e-07  3.35916e-07   9.7191e-07  2.68187e-06
 4.09926e-16   4.8603e-15  4.04581e-14  2.72983e-13  1.58328e-12  8.15101e-12  3.80089e-11  1.62785e-10  6.46827e-10   2.4029e-09  8.39572e-09  2.77226e-08  8.68476e-08  2.58956e-07  7.36889e-07
 7.38374e-17  8.96551e-16  7.64545e-15  5.28651e-14  3.14329e-13  1.65958e-12  7.93966e-12  3.49013e-11  1.42402e-10  5.43454e-10  1.95161e-09  6.62673e-09  2.13592e-08  6.55637e-08  1.92182e-07
  1.2768e-17   1.5868e-16  1.38543e-15  9.81129e-15  5.97672e-14  3.23407e-13  1.58631e-12  7.15197e-12  2.99415e-11  1.17294e-10  4.32567e-10  1.50907e-09  4.99983e-09   1.5784e-08  4.76087e-08
 2.11956e-18  2.69473e-17  2.40755e-16  1.74519e-15  1.08854e-14    6.033e-14  3.03195e-13  1.40109e-12  6.01422e-12  2.41666e-11  9.14538e-11  3.27529e-10  1.11451e-09  3.61521e-09    1.121e-08
 3.37787e-19  4.39101e-18  4.01229e-17  2.97544e-16  1.89919e-15  1.07748e-14  5.54476e-14  2.62454e-13  1.15436e-12  4.75454e-12  1.84496e-11   6.7779e-11  2.36682e-10  7.88206e-10  2.51033e-09
 5.16792e-20   6.8656e-19  6.41296e-18  4.86276e-17  3.17456e-16  1.84259e-15  9.70367e-15  4.70189e-14  2.11769e-13  8.93458e-13   3.5526e-12  1.33784e-11  4.79055e-11  1.63659e-10  5.34922e-10
  7.5904e-21  1.03007e-19  9.83087e-19  7.61845e-18  5.08426e-17   3.0175e-16  1.62535e-15  8.05749e-15  3.71393e-14  1.60406e-13  6.53139e-13  2.51953e-12  9.24501e-12  3.23761e-11  1.08517e-10
 1.07026e-21    1.483e-20  1.44547e-19  1.14427e-18  7.80257e-18  4.73274e-17  2.60602e-16  1.32102e-15  6.22788e-15    2.752e-14  1.14678e-13  4.52872e-13   1.7017e-12  6.10466e-12  2.09675e-11
 1.44873e-22  2.04882e-21  2.03857e-20  1.64776e-19  1.14749e-18  7.10997e-18  4.00019e-17  2.07237e-16  9.98765e-16  4.51284e-15  1.92345e-14  7.77135e-14  2.98848e-13  1.09751e-12  3.86024e-12
testcase 5: DONE

